0.000,2.400,1.636,3.315,3.568,19.692,20.746,21.922,22.874,31.948,37.973,39.148,40.607,40.742,41.024,41.808,41.877,42.083,42.423,43.005,6.154,10.640,9.174,7.972,10.183,5.763,8.749,12.729,13.519,13.466,14.604,15.837,15.792,16.943,24.034,19.605,21.646,23.754,18.593,20.734,22.926,8.941,10.665,9.678,16.709,17.261,18.417,27.238,28.495,17.823,27.598,29.413,29.050,15.011,16.282,18.030,28.247,28.805,14.629,16.508,26.768,28.636,28.263,18.970,21.182,19.902,18.361,19.243,20.638,18.689,20.931,26.637,25.519,13.544,15.603,24.467,26.763,14.821,16.895,23.491,16.176,22.601,24.837,27.101
2.400,0.000,1.364,2.101,3.451,18.886,19.692,21.201,21.922,32.038,38.137,39.221,40.760,40.601,40.742,41.877,41.808,41.877,42.083,43.150,6.620,8.548,7.056,5.912,7.972,6.258,9.083,12.960,13.979,13.535,14.806,16.232,15.851,17.118,24.158,17.654,19.605,21.646,16.524,18.593,20.734,9.249,9.032,11.435,15.189,15.611,16.709,25.102,26.351,16.230,25.491,27.264,26.871,13.428,14.718,16.282,26.082,26.606,13.000,14.774,24.590,26.423,26.018,16.810,18.970,17.693,16.120,16.948,18.361,16.493,18.689,24.330,23.224,11.617,13.544,22.194,24.467,12.862,14.821,21.249,14.201,20.402,22.601,24.837
1.636,1.364,0.000,1.697,2.400,18.358,19.314,20.628,21.484,31.084,37.157,38.279,39.785,39.752,39.958,40.937,40.927,41.058,41.327,42.179,7.051,9.758,8.153,6.854,8.974,5.274,8.062,11.955,12.891,12.593,13.810,15.164,14.911,16.132,23.193,18.989,20.933,22.964,17.838,19.895,22.021,9.616,9.874,10.806,16.438,16.902,17.990,26.397,27.633,17.465,26.761,28.530,28.155,14.691,15.925,17.522,27.331,27.863,14.226,15.988,25.821,27.650,27.263,17.923,20.086,18.762,17.191,18.038,19.436,17.503,19.713,25.327,24.171,12.268,14.280,23.083,25.374,13.465,15.508,22.072,14.760,21.149,23.383,25.647
3.315,2.101,1.697,0.000,1.697,16.833,17.710,19.134,19.910,29.964,36.072,37.143,38.692,38.503,38.642,39.797,39.714,39.777,39.983,41.080,8.383,9.381,7.625,6.212,8.147,5.023,7.359,11.044,12.116,11.568,12.849,14.311,13.850,15.128,22.119,18.823,20.643,22.573,17.517,19.460,21.496,10.680,9.514,12.007,16.653,17.027,18.028,25.927,27.131,17.573,26.289,27.998,27.616,14.877,16.043,17.465,26.761,27.266,14.317,15.925,25.218,26.995,26.599,17.210,19.304,17.923,16.325,17.131,18.519,16.600,18.762,24.240,23.031,11.201,13.158,21.886,24.171,12.268,14.280,20.816,13.465,19.835,22.072,24.340
3.568,3.451,2.400,1.697,0.000,16.125,17.206,18.358,19.314,28.687,34.764,35.880,37.391,37.356,37.575,38.538,38.528,38.666,38.953,39.785,9.168,10.959,9.130,7.616,9.568,3.986,6.046,9.707,10.674,10.312,11.520,12.891,12.593,13.810,20.829,20.490,22.304,24.220,19.167,21.094,23.111,11.368,10.718,11.561,18.224,18.643,19.635,27.544,28.731,19.130,27.876,29.578,29.217,16.462,17.573,19.032,28.322,28.836,15.868,17.465,26.761,28.530,28.155,18.644,20.732,19.304,17.718,18.542,19.904,17.923,20.086,25.506,24.240,12.169,14.196,23.031,25.327,13.158,15.242,21.886,14.280,20.816,23.083,25.374
19.692,18.886,18.358,16.833,16.125,0.000,2.400,2.400,3.394,15.806,21.792,22.374,24.213,22.818,22.513,24.890,24.257,23.850,23.680,26.453,24.695,21.594,19.877,18.673,18.761,15.987,13.197,10.325,11.045,9.275,9.354,10.150,8.188,8.618,10.184,29.882,30.664,31.609,27.895,28.731,29.738,25.865,20.870,25.166,29.751,29.757,30.138,33.840,34.594,29.966,34.024,35.059,34.755,28.135,28.641,29.042,33.644,33.915,27.143,27.672,32.023,33.121,32.799,24.603,25.637,24.075,22.855,23.175,23.965,22.532,23.656,26.370,24.738,17.420,18.071,23.115,24.800,16.665,17.511,21.504,16.055,19.907,21.576,23.372
20.746,19.692,19.314,17.710,17.206,2.400,0.000,3.394,2.400,17.101,22.895,23.307,25.210,23.366,22.818,25.732,24.890,24.257,23.850,27.369,25.547,21.518,19.940,18.893,18.673,17.274,14.730,12.224,13.097,11.169,11.415,12.351,10.285,10.820,12.105,29.277,29.882,30.664,27.246,27.895,28.731,26.673,20.983,26.595,29.556,29.463,29.751,32.713,33.407,29.674,32.903,33.826,33.510,27.990,28.437,28.641,32.422,32.638,26.992,27.357,30.830,31.812,31.477,23.767,24.603,23.096,21.953,22.157,22.855,21.617,22.532,24.792,23.173,17.083,17.420,21.566,23.115,16.135,16.665,19.974,15.318,18.401,19.907,21.576
21.922,21.201,20.628,19.134,18.358,2.400,3.394,0.000,2.400,13.758,19.635,20.137,22.006,20.461,20.120,22.619,21.920,21.469,21.280,24.213,26.962,23.957,22.243,21.035,21.112,18.067,15.115,11.860,12.349,10.795,10.594,11.045,9.275,9.354,9.076,32.171,32.898,33.781,30.167,30.942,31.879,28.080,23.145,27.073,32.090,32.095,32.449,35.914,36.625,32.274,36.074,37.052,36.764,30.488,30.955,31.326,35.635,35.890,29.477,29.966,34.024,35.059,34.755,26.729,27.683,26.133,24.971,25.264,25.990,24.603,25.637,28.058,26.421,19.590,20.172,24.792,26.370,18.769,19.524,23.173,18.071,21.566,23.115,24.800
22.874,21.922,21.484,19.910,19.314,3.394,2.400,2.400,0.000,15.229,20.853,21.169,23.099,21.071,20.461,23.542,22.619,21.920,21.469,25.210,27.745,23.889,22.299,21.230,21.035,19.215,16.471,13.545,14.214,12.460,12.452,13.097,11.169,11.415,11.189,31.609,32.171,32.898,29.568,30.167,30.942,28.826,23.246,28.406,31.909,31.824,32.090,34.854,35.506,32.004,35.019,35.887,35.590,30.354,30.767,30.955,34.483,34.687,29.339,29.674,32.903,33.826,33.510,25.962,26.729,25.234,24.148,24.333,24.971,23.767,24.603,26.580,24.962,19.291,19.590,23.354,24.792,18.301,18.769,21.761,17.420,20.184,21.566,23.115
31.948,32.038,31.084,29.964,28.687,15.806,17.101,13.758,15.229,0.000,6.159,7.200,8.746,9.355,10.515,9.860,10.148,10.966,12.209,11.122,37.175,36.489,34.579,33.123,33.723,27.593,24.185,20.018,19.344,19.307,18.111,16.997,16.955,15.764,8.888,45.388,46.306,47.329,43.443,44.401,45.466,38.158,35.100,34.716,44.610,44.820,45.278,49.526,50.228,44.897,49.596,50.628,50.418,42.974,43.434,44.119,49.187,49.509,41.938,42.629,47.553,48.629,48.410,39.974,41.070,39.465,38.329,38.759,39.470,37.868,39.023,41.443,39.781,32.220,33.138,38.122,39.635,31.586,32.610,36.467,31.032,34.815,36.307,37.892
37.973,38.137,37.157,36.072,34.764,21.792,22.895,19.635,20.853,6.159,0.000,1.836,2.635,5.643,7.846,4.103,5.410,7.295,9.417,5.035,43.173,42.620,40.710,39.253,39.844,33.580,30.164,25.982,25.214,25.310,24.064,22.840,22.945,21.697,14.658,51.477,52.352,53.321,49.516,50.425,51.430,44.092,41.153,40.316,50.719,50.936,51.372,55.424,56.082,50.981,55.465,56.442,56.253,49.095,49.518,50.187,54.999,55.310,48.041,48.701,53.377,54.391,54.195,45.914,46.943,45.350,44.265,44.676,45.331,43.765,44.843,46.989,45.334,38.205,39.068,43.683,45.083,37.525,38.478,42.036,36.911,40.392,41.765,43.227
39.148,39.221,38.279,37.143,35.880,22.374,23.307,20.137,21.169,7.200,1.836,0.000,1.998,3.875,6.169,2.660,3.583,5.488,7.676,4.079,44.348,43.450,41.570,40.149,40.646,34.747,31.326,27.137,26.442,26.415,25.214,24.069,24.040,22.840,15.764,52.150,52.951,53.847,50.165,50.997,51.927,45.255,42.022,41.684,51.551,51.733,52.130,55.859,56.483,51.772,55.896,56.814,56.626,49.940,50.337,50.929,55.377,55.663,48.875,49.470,53.771,54.724,54.530,46.463,47.409,45.837,44.789,45.158,45.770,44.275,45.267,47.187,45.545,38.892,39.656,43.907,45.226,38.143,38.995,42.273,37.455,40.645,41.930,43.309
40.607,40.760,39.785,38.692,37.391,24.213,25.210,22.006,23.099,8.746,2.635,1.998,0.000,4.990,7.390,1.853,3.983,6.310,8.677,2.400,45.799,45.163,43.264,41.818,42.374,36.200,32.780,28.592,27.826,27.913,26.670,25.447,25.542,24.296,17.219,53.952,54.787,55.714,51.978,52.845,53.805,46.695,43.687,42.893,53.257,53.464,53.879,57.756,58.387,53.496,57.786,58.724,58.543,51.641,52.044,52.680,57.283,57.582,50.577,51.205,55.671,56.644,56.456,48.301,49.279,47.699,46.643,47.032,47.655,46.126,47.150,49.131,47.484,40.656,41.468,45.842,47.178,39.938,40.835,44.203,39.281,42.569,43.874,45.268
40.742,40.601,39.752,38.503,37.356,22.818,23.366,20.461,21.071,9.355,5.643,3.875,4.990,0.000,2.400,3.803,1.715,1.715,3.803,5.537,45.923,44.219,42.418,41.089,41.367,36.357,32.954,28.791,28.279,27.966,26.884,25.941,25.599,24.530,17.547,52.524,53.157,53.890,50.494,51.152,51.913,46.809,42.904,43.773,52.293,52.389,52.700,55.698,56.246,52.422,55.729,56.517,56.329,50.717,51.057,51.473,55.099,55.330,49.634,50.082,53.533,54.353,54.158,46.598,47.359,45.843,44.877,45.149,45.666,44.340,45.139,46.566,44.959,39.385,39.923,43.358,44.500,38.488,39.113,41.766,37.647,40.182,41.272,42.470
41.024,40.742,39.958,38.642,37.575,22.513,22.818,20.120,20.461,10.515,7.846,6.169,7.390,2.400,0.000,6.124,3.803,1.715,1.715,7.770,46.176,43.959,42.217,40.951,41.089,36.675,33.305,29.192,28.803,28.306,27.312,26.512,25.971,24.999,18.197,51.994,52.524,53.157,49.943,50.494,51.152,47.053,42.730,44.389,51.993,52.035,52.293,54.842,55.347,52.069,54.874,55.585,55.394,50.443,50.750,51.057,54.181,54.377,49.353,49.711,52.642,53.383,53.184,45.950,46.598,45.120,44.203,44.415,44.877,43.658,44.340,45.476,43.894,38.987,39.385,42.322,43.358,38.005,38.488,40.760,37.075,39.208,40.182,41.272
41.808,41.877,40.937,39.797,38.538,24.890,25.732,22.619,23.542,9.860,4.103,2.660,1.853,3.803,6.124,0.000,2.400,4.800,7.200,1.820,47.001,46.040,44.170,42.759,43.226,37.394,33.971,29.776,29.077,29.053,27.851,26.700,26.673,25.472,18.367,54.676,55.441,56.297,52.681,53.474,54.361,47.884,44.602,44.277,54.132,54.305,54.684,58.250,58.848,54.333,58.276,59.157,58.977,52.530,52.907,53.471,57.723,57.998,51.456,52.022,56.127,57.042,56.855,48.910,49.810,48.251,47.230,47.580,48.161,46.701,47.642,49.405,47.773,41.402,42.120,46.144,47.402,40.620,41.422,44.522,39.896,42.904,44.123,45.436
41.877,41.808,40.927,39.714,38.528,24.257,24.890,21.920,22.619,10.148,5.410,3.583,3.983,1.715,3.803,2.400,0.000,2.400,4.800,3.968,47.064,45.602,43.779,42.423,42.759,37.474,34.058,29.876,29.294,29.085,27.957,26.936,26.708,25.588,18.528,54.008,54.676,55.441,51.986,52.681,53.474,47.943,44.240,44.694,53.683,53.804,54.132,57.282,57.840,53.831,57.308,58.118,57.935,52.100,52.447,52.907,56.695,56.938,51.017,51.498,55.122,55.963,55.773,48.114,48.910,47.382,46.405,46.699,47.230,45.866,46.701,48.200,46.587,40.812,41.402,44.980,46.144,39.947,40.620,43.380,39.137,41.788,42.904,44.123
42.083,41.877,41.058,39.777,38.666,23.850,24.257,21.469,21.920,10.966,7.295,5.488,6.310,1.715,1.715,4.800,2.400,0.000,2.400,6.301,47.249,45.287,43.517,42.222,42.423,37.706,34.314,30.167,29.704,29.314,28.268,27.381,26.958,25.927,18.994,53.438,54.008,54.676,51.395,51.986,52.681,48.121,44.006,45.235,53.337,53.405,53.683,56.399,56.916,53.433,56.426,57.161,56.975,51.777,52.093,52.447,55.752,55.961,50.687,51.081,54.204,54.969,54.776,47.426,48.114,46.622,45.691,45.927,46.405,45.144,45.866,47.087,45.498,40.357,40.812,43.917,44.980,39.409,39.947,42.344,38.512,40.782,41.788,42.904
42.423,42.083,41.327,39.983,38.953,23.680,23.850,21.280,21.469,12.209,9.417,7.676,8.677,3.803,1.715,7.200,4.800,2.400,0.000,8.670,47.555,45.098,43.387,42.156,42.222,38.089,34.734,30.644,30.300,29.736,28.776,28.026,27.416,26.481,19.742,52.972,53.438,54.008,50.910,51.395,51.986,48.418,43.902,45.895,53.098,53.112,53.337,55.607,56.079,53.140,55.634,56.291,56.102,51.564,51.849,52.093,54.897,55.071,50.470,50.775,53.379,54.063,53.866,46.850,47.426,45.974,45.093,45.269,45.691,44.539,45.144,46.072,44.511,40.040,40.357,42.961,43.917,39.011,39.409,41.422,38.029,39.896,40.782,41.788
43.005,43.150,42.179,41.080,39.785,26.453,27.369,24.213,25.210,11.122,5.035,4.079,2.400,5.537,7.770,1.820,3.968,6.301,8.670,0.000,48.191,47.487,45.597,44.162,44.689,38.588,35.166,30.973,30.208,30.288,29.048,27.826,27.913,26.670,19.568,56.219,57.021,57.912,54.235,55.066,55.988,49.068,46.005,45.246,55.576,55.774,56.172,59.901,60.510,55.797,59.922,60.827,60.652,53.967,54.353,54.963,59.389,59.677,52.896,53.496,57.786,58.724,58.543,50.496,51.433,49.863,48.831,49.203,49.799,48.301,49.279,51.122,49.483,42.907,43.677,47.849,49.131,42.159,43.010,46.220,41.468,44.595,45.842,47.178
6.154,6.620,7.051,8.383,9.168,24.695,25.547,26.962,27.745,37.175,43.173,44.348,45.799,45.923,46.176,47.001,47.064,47.249,47.555,48.191,0.000,9.800,9.155,8.687,10.760,9.640,13.080,17.300,18.094,18.060,19.240,20.488,20.458,21.640,28.840,17.183,19.484,21.807,16.669,19.033,21.404,3.536,9.370,8.223,12.935,13.873,15.083,25.247,26.481,14.149,25.400,27.390,27.232,11.570,12.637,14.828,26.337,27.078,11.332,13.393,24.986,27.007,26.846,17.767,20.116,19.083,17.817,18.895,20.161,18.150,20.455,26.504,25.616,14.125,16.116,24.813,27.083,15.748,17.719,24.102,17.385,23.493,25.656,27.857
10.640,8.548,9.758,9.381,10.959,21.594,21.518,23.957,23.889,36.489,42.620,43.450,45.163,44.219,43.959,46.040,45.602,45.287,45.098,47.487,9.800,0.000,2.056,3.757,2.890,12.288,14.683,18.088,19.474,18.298,19.759,21.497,20.438,21.888,28.533,9.861,11.642,13.615,8.460,10.482,12.637,10.449,4.178,16.551,8.260,8.387,9.074,16.879,18.047,8.792,17.084,18.894,18.664,6.566,7.423,8.319,17.680,18.310,5.737,6.856,16.173,18.074,17.834,8.500,10.732,9.642,8.215,9.165,10.507,8.748,10.929,16.840,15.988,6.903,7.859,15.278,17.468,8.268,9.393,14.730,9.738,14.363,16.324,18.390
9.174,7.056,8.153,7.625,9.130,19.877,19.940,22.243,22.299,34.579,40.710,41.570,43.264,42.418,42.217,44.170,43.779,43.517,43.387,45.597,9.155,2.056,0.000,1.711,1.711,10.323,12.636,16.036,17.418,16.259,17.718,19.449,18.419,19.864,26.563,11.902,13.628,15.534,10.439,12.371,14.444,9.939,3.532,15.296,10.119,10.362,11.057,18.728,19.860,10.661,18.895,20.667,20.457,8.418,9.196,10.220,19.406,20.035,7.527,8.681,17.853,19.719,19.498,9.803,12.032,10.755,9.262,10.255,11.596,9.610,11.875,17.764,16.754,6.087,7.545,15.862,18.141,7.526,9.070,15.109,9.054,14.516,16.633,18.819
7.972,5.912,6.854,6.212,7.616,18.673,18.893,21.035,21.230,33.123,39.253,40.149,41.818,41.089,40.951,42.759,42.423,42.222,42.156,44.162,8.687,3.757,1.711,0.000,2.400,8.642,10.927,14.373,15.738,14.630,16.082,17.796,16.824,18.259,25.038,13.612,15.333,17.218,12.144,14.046,16.082,9.582,3.815,14.183,11.630,11.964,12.684,20.379,21.491,12.204,20.520,22.275,22.080,9.929,10.678,11.818,20.991,21.623,9.025,10.236,19.415,21.261,21.057,11.194,13.407,12.035,10.533,11.542,12.860,10.757,13.044,18.872,17.762,6.102,7.929,16.751,19.074,7.534,9.389,15.857,9.059,15.102,17.314,19.571
10.183,7.972,8.974,8.147,9.568,18.761,18.673,21.112,21.035,33.723,39.844,40.646,42.374,41.367,41.089,43.226,42.759,42.423,42.222,44.689,10.760,2.890,1.711,2.400,0.000,10.724,12.638,15.713,17.167,15.820,17.290,19.072,17.869,19.332,25.830,12.123,13.612,15.333,10.448,12.144,14.046,11.480,4.094,16.511,11.007,11.102,11.630,18.380,19.458,11.360,18.537,20.217,20.002,9.377,9.996,10.678,18.905,19.496,8.414,9.214,17.305,19.094,18.866,9.077,11.194,9.807,8.249,9.195,10.533,8.532,10.757,16.520,15.428,4.808,6.102,14.453,16.751,6.074,7.534,13.620,7.512,12.957,15.102,17.314
5.763,6.258,5.274,5.023,3.986,15.987,17.274,18.067,19.215,27.593,33.580,34.747,36.200,36.357,36.675,37.394,37.474,37.706,38.089,38.588,9.640,12.288,10.323,8.642,10.724,0.000,3.440,7.660,8.516,8.443,9.600,10.890,10.833,12.000,19.200,22.096,23.929,25.856,20.745,22.688,24.711,10.727,10.610,9.506,19.259,19.901,20.763,29.000,30.081,19.998,29.067,30.821,30.681,17.620,18.338,19.912,29.500,30.163,16.789,18.244,27.889,29.713,29.567,19.406,21.578,20.049,18.611,19.645,20.866,18.549,20.810,26.344,24.991,12.032,14.316,23.684,26.052,13.043,15.364,22.429,14.185,21.235,23.605,25.980
8.749,9.083,8.062,7.359,6.046,13.197,14.730,15.115,16.471,24.185,30.164,31.326,32.780,32.954,33.305,33.971,34.058,34.314,34.734,35.166,13.080,14.683,12.636,10.927,12.638,3.440,0.000,4.220,5.154,5.032,6.160,7.492,7.409,8.560,15.760,24.538,26.201,27.971,23.017,24.782,26.647,14.024,12.900,11.978,22.103,22.665,23.425,30.962,31.977,22.720,31.003,32.653,32.520,20.457,21.078,22.461,31.277,31.904,19.535,20.799,29.623,31.346,31.208,21.056,23.072,21.458,20.042,21.006,22.151,19.857,21.984,27.128,25.657,13.047,15.179,24.215,26.536,13.686,15.914,22.809,14.497,21.444,23.793,26.152
12.729,12.960,11.955,11.044,9.707,10.325,12.224,11.860,13.545,20.018,25.982,27.137,28.592,28.791,29.192,29.776,29.876,30.167,30.644,30.973,17.300,18.088,16.036,14.373,15.713,7.660,4.220,0.000,1.584,1.127,1.940,3.438,3.253,4.340,11.540,27.823,29.300,30.893,26.154,27.721,29.400,18.141,16.272,15.523,25.791,26.274,26.933,33.694,34.629,26.290,33.706,35.230,35.108,24.152,24.681,25.871,33.810,34.390,23.159,24.234,32.129,33.724,33.596,23.612,25.427,23.759,22.403,23.268,24.308,22.096,24.025,28.631,27.055,15.290,17.145,25.494,27.708,15.516,17.512,23.951,15.920,22.431,24.686,26.967
13.519,13.979,12.891,12.116,10.674,11.045,13.097,12.349,14.214,19.344,25.214,26.442,27.826,28.279,28.803,29.077,29.294,29.704,30.300,30.208,18.094,19.474,17.418,15.738,17.167,8.516,5.154,1.584,0.000,2.250,1.844,2.400,3.290,3.863,10.890,29.253,30.771,32.396,27.615,29.218,30.925,18.925,17.603,15.669,27.084,27.605,28.293,35.222,36.164,27.615,35.230,36.770,36.652,25.448,25.989,27.246,35.351,35.941,24.471,25.596,33.671,35.279,35.156,25.134,26.971,25.304,23.950,24.830,25.872,23.641,25.585,30.202,28.622,16.802,18.687,27.057,29.267,17.054,19.066,25.508,17.469,23.979,26.230,28.505
13.466,13.535,12.593,11.568,10.312,9.275,11.169,10.795,12.460,19.307,25.310,26.415,27.913,27.966,28.306,29.053,29.085,29.314,29.736,30.288,18.060,18.298,16.259,14.630,15.820,8.443,5.032,1.127,2.250,0.000,1.471,3.290,2.400,3.699,10.833,27.943,29.345,30.870,26.223,27.712,29.322,18.884,16.520,16.537,26.102,26.540,27.155,33.600,34.507,26.550,33.608,35.086,34.962,24.466,24.963,26.063,33.655,34.216,23.448,24.444,31.970,33.520,33.391,23.505,25.247,23.572,22.234,23.062,24.068,21.900,23.760,28.197,26.600,15.167,16.916,25.016,27.194,15.270,17.177,23.448,15.559,21.898,24.119,26.371
14.604,14.806,13.810,12.849,11.520,9.354,11.415,10.594,12.452,18.111,24.064,25.214,26.670,26.884,27.312,27.851,27.957,28.268,28.776,29.048,19.240,19.759,17.718,16.082,17.290,9.600,6.160,1.940,1.844,1.471,0.000,1.844,1.471,2.400,9.600,29.413,30.814,32.333,27.694,29.177,30.777,20.048,17.943,17.255,27.538,27.991,28.610,35.049,35.949,27.992,35.050,36.518,36.399,25.905,26.398,27.515,35.083,35.643,24.888,25.891,33.396,34.934,34.810,24.940,26.664,24.986,23.662,24.483,25.473,23.310,25.147,29.500,27.889,16.581,18.307,26.289,28.441,16.651,18.526,24.702,16.891,23.130,25.323,27.551
15.837,16.232,15.164,14.311,12.891,10.150,12.351,11.045,13.097,16.997,22.840,24.069,25.447,25.941,26.512,26.700,26.936,27.381,28.026,27.826,20.488,21.497,19.449,17.796,19.072,10.890,7.492,3.438,2.400,3.290,1.844,0.000,2.250,1.844,8.516,31.193,32.621,34.158,29.492,30.998,32.612,21.281,19.628,17.900,29.214,29.698,30.338,36.885,37.785,29.691,36.879,38.353,38.240,27.582,28.082,29.249,36.917,37.482,26.575,27.615,35.230,36.770,36.652,26.761,28.493,26.812,25.496,26.324,27.308,25.134,26.971,31.293,29.674,18.382,20.120,28.065,30.202,18.457,20.331,26.467,18.687,24.881,27.057,29.267
15.792,15.851,14.911,13.850,12.593,8.188,10.285,9.275,11.169,16.955,22.945,24.040,25.542,25.599,25.971,26.673,26.708,26.958,27.416,27.913,20.458,20.438,18.419,16.824,17.869,10.833,7.409,3.253,3.290,2.400,1.471,2.250,0.000,1.471,8.443,29.968,31.279,32.714,28.193,29.583,31.096,21.245,18.663,18.665,28.305,28.711,29.280,35.339,36.203,28.703,35.333,36.742,36.624,26.679,27.136,28.150,35.296,35.832,25.636,26.550,33.608,35.086,34.962,25.236,26.866,25.184,23.891,24.663,25.606,23.505,25.247,29.363,27.729,16.900,18.486,26.103,28.197,16.823,18.571,24.487,16.916,22.882,25.016,27.194
16.943,17.118,16.132,15.128,13.810,8.618,10.820,9.354,11.415,15.764,21.697,22.840,24.296,24.530,24.999,25.472,25.588,25.927,26.481,26.670,21.640,21.888,19.864,18.259,19.332,12.000,8.560,4.340,3.863,3.699,2.400,1.844,1.471,0.000,7.200,31.435,32.750,34.182,29.663,31.053,32.560,22.415,20.077,19.452,29.732,30.152,30.728,36.798,37.656,30.137,36.786,38.187,38.074,28.107,28.562,29.597,36.739,37.274,27.066,27.992,35.050,36.518,36.399,26.686,28.304,26.621,25.339,26.108,27.038,24.940,26.664,30.710,29.067,18.338,19.912,27.431,29.500,18.244,19.970,25.802,18.307,24.183,26.289,28.441
24.034,24.158,23.193,22.119,20.829,10.184,12.105,9.076,11.189,8.888,14.658,15.764,17.219,17.547,18.197,18.367,18.528,18.994,19.742,19.568,28.840,28.533,26.563,25.038,25.830,19.200,15.760,11.540,10.890,10.833,9.600,8.516,8.443,7.200,0.000,37.767,38.868,40.083,35.886,37.043,38.316,29.548,26.751,26.257,36.471,36.814,37.287,42.429,43.175,36.763,42.385,43.606,43.507,34.870,35.239,36.083,42.139,42.606,33.783,34.529,40.462,41.740,41.636,32.430,33.774,32.108,30.947,31.579,32.353,30.446,31.874,35.083,33.396,24.278,25.488,31.711,33.517,23.847,25.192,30.027,23.531,28.345,30.161,32.054
19.605,17.654,18.989,18.823,20.490,29.882,29.277,32.171,31.609,45.388,51.477,52.150,53.952,52.524,51.994,54.676,54.008,53.438,52.972,56.219,17.183,9.861,11.902,13.612,12.123,22.096,24.538,27.823,29.253,27.943,29.413,31.193,29.968,31.435,37.767,0.000,2.400,4.800,2.100,3.189,5.239,17.328,12.634,24.764,5.609,4.159,3.610,8.315,9.678,5.208,8.886,10.764,10.355,6.012,6.195,4.466,10.029,10.552,6.568,5.586,9.113,10.952,10.550,7.752,8.394,9.040,8.894,8.907,9.459,9.937,10.445,14.459,14.648,14.240,13.577,15.027,16.278,14.980,14.551,15.583,15.868,16.297,17.125,18.232
21.646,19.605,20.933,20.643,22.304,30.664,29.882,32.898,32.171,46.306,52.352,52.951,54.787,53.157,52.524,55.441,54.676,54.008,53.438,57.021,19.484,11.642,13.628,15.333,13.612,23.929,26.201,29.300,30.771,29.345,30.814,32.621,31.279,32.750,38.868,2.400,0.000,2.400,3.189,2.100,3.189,19.604,14.349,26.996,7.837,6.441,5.609,5.977,7.383,7.163,6.749,8.513,7.990,8.340,8.266,6.195,7.837,8.243,8.749,7.442,7.045,8.750,8.241,7.826,7.752,8.781,8.958,8.645,8.894,9.994,9.937,13.034,13.459,15.255,14.240,14.077,15.027,15.767,14.980,14.864,16.438,15.795,16.297,17.125
23.754,21.646,22.964,22.573,24.220,31.609,30.664,33.781,32.898,47.329,53.321,53.847,55.714,53.890,53.157,56.297,55.441,54.676,54.008,57.912,21.807,13.615,15.534,17.218,15.333,25.856,27.971,30.893,32.396,30.870,32.333,34.158,32.714,34.182,40.083,4.800,2.400,0.000,5.239,3.189,2.100,21.906,16.238,29.255,10.143,8.786,7.837,3.720,5.182,9.329,4.864,6.372,5.654,10.700,10.478,8.266,5.811,6.006,11.022,9.545,5.267,6.685,6.004,8.598,7.826,9.166,9.640,9.035,8.958,10.609,9.994,11.927,12.620,16.559,15.255,13.492,14.077,16.861,15.767,14.511,17.325,15.648,15.795,16.297
18.593,16.524,17.838,17.517,19.167,27.895,27.246,30.167,29.568,43.443,49.516,50.165,51.978,50.494,49.943,52.681,51.986,51.395,50.910,54.235,16.669,8.460,10.439,12.144,10.448,20.745,23.017,26.154,27.615,26.223,27.694,29.492,28.193,29.663,35.886,2.100,3.189,5.239,0.000,2.400,4.800,16.881,11.286,24.095,6.179,4.901,4.444,8.710,10.020,5.744,9.211,11.034,10.635,6.082,6.262,4.559,10.071,10.592,6.240,5.196,8.879,10.759,10.349,5.978,6.790,7.233,6.912,6.928,7.625,8.018,8.641,13.022,13.040,12.378,11.610,13.276,14.677,13.031,12.535,13.720,13.862,14.352,15.284,16.516
20.734,18.593,19.895,19.460,21.094,28.731,27.895,30.942,30.167,44.401,50.425,50.997,52.845,51.152,50.494,53.474,52.681,51.986,51.395,55.066,19.033,10.482,12.371,14.046,12.144,22.688,24.782,27.721,29.218,27.712,29.177,30.998,29.583,31.053,37.043,3.189,2.100,3.189,2.400,0.000,2.400,19.210,13.177,26.384,8.254,6.943,6.179,6.515,7.825,7.562,7.171,8.852,8.350,8.390,8.317,6.262,7.890,8.294,8.506,7.155,6.740,8.506,7.982,6.073,5.978,6.907,6.994,6.588,6.912,8.090,8.018,11.420,11.689,13.534,12.378,12.190,13.276,13.928,13.031,12.897,14.511,13.778,14.352,15.284
22.926,20.734,22.021,21.496,23.111,29.738,28.731,31.879,30.942,45.466,51.430,51.927,53.805,51.913,51.152,54.361,53.474,52.681,51.986,55.988,21.404,12.637,14.444,16.082,14.046,24.711,26.647,29.400,30.925,29.322,30.777,32.612,31.096,32.560,38.316,5.239,3.189,2.100,4.800,2.400,0.000,21.554,15.213,28.691,10.469,9.161,8.254,4.535,5.794,9.639,5.435,6.818,6.152,10.739,10.518,8.317,5.883,6.076,10.829,9.322,4.852,6.363,5.643,7.040,6.073,7.391,7.848,7.093,6.994,8.838,8.090,10.137,10.712,14.988,13.534,11.510,12.190,15.156,13.928,12.489,15.509,13.610,13.778,14.352
8.941,9.249,9.616,10.680,11.368,25.865,26.673,28.080,28.826,38.158,44.092,45.255,46.695,46.809,47.053,47.884,47.943,48.121,48.418,49.068,3.536,10.449,9.939,9.582,11.480,10.727,14.024,18.141,18.925,18.884,20.048,21.281,21.245,22.415,29.548,17.328,19.604,21.906,16.881,19.210,21.554,0.000,8.844,7.757,12.477,13.673,14.681,25.105,26.222,13.450,24.984,27.025,27.098,11.404,11.906,14.199,25.956,26.849,10.931,12.746,24.612,26.682,26.756,17.405,19.788,18.773,17.722,18.967,20.068,17.862,20.192,26.308,25.441,13.914,15.920,24.659,26.936,15.592,17.571,23.973,17.274,23.390,25.554,27.757
10.665,9.032,9.874,9.514,10.718,20.870,20.983,23.145,23.246,35.100,41.153,42.022,43.687,42.904,42.730,44.602,44.240,44.006,43.902,46.005,9.370,4.178,3.532,3.815,4.094,10.610,12.900,16.272,17.603,16.520,17.943,19.628,18.663,20.077,26.751,12.634,14.349,16.238,11.286,13.177,15.213,8.844,0.000,14.430,9.940,10.544,10.994,19.120,20.102,10.174,18.919,20.769,20.864,8.556,8.578,9.780,19.464,20.302,7.277,8.107,17.892,19.838,19.937,9.585,11.948,10.621,9.467,10.789,11.853,9.415,11.812,17.883,16.856,5.346,7.117,15.943,18.272,7.037,8.795,15.166,8.730,14.546,16.725,18.958
9.678,11.435,10.806,12.007,11.561,25.166,26.595,27.073,28.406,34.716,40.316,41.684,42.893,43.773,44.389,44.277,44.694,45.235,45.895,45.246,8.223,16.551,15.296,14.183,16.511,9.506,11.978,15.523,15.669,16.537,17.255,17.900,18.665,19.452,26.257,24.764,26.996,29.255,24.095,26.384,28.691,7.757,14.430,0.000,20.177,21.310,22.326,32.478,33.585,21.128,32.359,34.360,34.417,18.985,19.534,21.747,33.203,34.076,18.437,20.202,31.762,33.798,33.856,23.912,26.305,25.042,23.858,25.112,26.255,23.834,26.233,32.271,31.158,18.278,20.626,30.100,32.480,19.733,22.057,29.102,21.224,28.171,30.513,32.863
16.709,15.189,16.438,16.653,18.224,29.751,29.556,32.090,31.909,44.610,50.719,51.551,53.257,52.293,51.993,54.132,53.683,53.337,53.098,55.576,12.935,8.260,10.119,11.630,11.007,19.259,22.103,25.791,27.084,26.102,27.538,29.214,28.305,29.732,36.471,5.609,7.837,10.143,6.179,8.254,10.469,12.477,9.940,20.177,0.000,1.500,2.400,13.231,14.400,1.640,13.247,15.308,15.308,1.813,1.780,2.988,14.510,15.344,2.698,3.068,13.499,15.526,15.526,9.590,11.249,11.270,10.867,11.607,12.355,11.543,12.954,18.154,18.008,13.445,13.658,18.021,19.701,14.690,15.077,18.194,16.019,18.521,19.871,21.406
17.261,15.611,16.902,17.027,18.643,29.757,29.463,32.095,31.824,44.820,50.936,51.733,53.464,52.389,52.035,54.305,53.804,53.405,53.112,55.774,13.873,8.387,10.362,11.964,11.102,19.901,22.665,26.274,27.605,26.540,27.991,29.698,28.711,30.152,36.814,4.159,6.441,8.786,4.901,6.943,9.161,13.673,10.544,21.310,1.500,0.000,1.500,12.000,13.231,2.010,12.167,14.196,14.081,2.376,2.720,2.720,13.424,14.178,3.355,3.280,12.440,14.431,14.318,9.044,10.517,10.675,10.292,10.867,11.607,11.094,12.324,17.299,17.229,13.601,13.601,17.326,18.916,14.736,14.931,17.587,15.971,18.006,19.243,20.685
18.417,16.709,17.990,18.028,19.635,30.138,29.751,32.449,32.090,45.278,51.372,52.130,53.879,52.700,52.293,54.684,54.132,53.683,53.337,56.172,15.083,9.074,11.057,12.684,11.630,20.763,23.425,26.933,28.293,27.155,28.610,30.338,29.280,30.728,37.287,3.610,5.609,7.837,4.444,6.179,8.254,14.681,10.994,22.326,2.400,1.500,0.000,10.837,12.000,1.640,10.858,12.913,12.913,3.536,2.988,1.780,12.131,12.956,4.061,3.068,11.163,13.171,13.171,8.302,9.590,9.910,9.749,10.292,10.867,10.498,11.543,16.316,16.331,13.658,13.445,16.521,18.021,14.690,14.690,16.880,15.838,17.398,18.521,19.871
27.238,25.102,26.397,25.927,27.544,33.840,32.713,35.914,34.854,49.526,55.424,55.859,57.756,55.698,54.842,58.250,57.282,56.399,55.607,59.901,25.247,16.879,18.728,20.379,18.380,29.000,30.962,33.694,35.222,33.600,35.049,36.885,35.339,36.798,42.429,8.315,5.977,3.720,8.710,6.515,4.535,25.105,19.120,32.478,13.231,12.000,10.837,0.000,1.500,12.167,2.010,2.758,2.090,13.990,13.424,11.072,2.720,2.664,14.189,12.440,3.280,3.785,3.330,10.517,9.044,10.675,11.607,10.867,10.292,12.324,11.094,11.245,12.363,18.916,17.326,13.601,13.601,19.004,17.587,14.931,19.243,16.328,15.971,15.971
28.495,26.351,27.633,27.131,28.731,34.594,33.407,36.625,35.506,50.228,56.082,56.483,58.387,56.246,55.347,58.848,57.840,56.916,56.079,60.510,26.481,18.047,19.860,21.491,19.458,30.081,31.977,34.629,36.164,34.507,35.949,37.785,36.203,37.656,43.175,9.678,7.383,5.182,10.020,7.825,5.794,26.222,20.102,33.585,14.400,13.231,12.000,1.500,0.000,13.247,1.640,1.275,1.275,15.211,14.510,12.131,1.780,1.654,15.342,13.499,3.068,2.889,2.889,11.249,9.590,11.270,12.355,11.607,10.867,12.954,11.543,11.055,12.308,19.701,18.021,13.658,13.445,19.713,18.194,15.077,19.871,16.550,16.019,15.838
17.823,16.230,17.465,17.573,19.130,29.966,29.674,32.274,32.004,44.897,50.981,51.772,53.496,52.422,52.069,54.333,53.831,53.433,53.140,55.797,14.149,8.792,10.661,12.204,11.360,19.998,22.720,26.290,27.615,26.550,27.992,29.691,28.703,30.137,36.763,5.208,7.163,9.329,5.744,7.562,9.639,13.450,10.174,21.128,1.640,2.010,1.640,12.167,13.247,0.000,12.000,14.081,14.221,3.021,1.697,1.697,13.254,14.174,3.264,2.400,12.238,14.284,14.422,8.653,10.182,10.323,10.137,10.886,11.470,10.733,12.000,17.055,16.971,13.254,13.254,17.055,18.668,14.400,14.599,17.307,15.646,17.718,18.974,20.435
27.598,25.491,26.761,26.289,27.876,34.024,32.903,36.074,35.019,49.596,55.465,55.896,57.786,55.729,54.874,58.276,57.308,56.426,55.634,59.922,25.400,17.084,18.895,20.520,18.537,29.067,31.003,33.706,35.230,33.608,35.050,36.879,35.333,36.786,42.385,8.886,6.749,4.864,9.211,7.171,5.435,24.984,18.919,32.359,13.247,12.167,10.858,2.010,1.640,12.000,0.000,2.090,2.886,14.114,13.254,10.866,1.697,2.641,14.168,12.238,2.400,3.182,3.753,10.182,8.653,10.323,11.470,10.886,10.137,12.000,10.733,10.866,12.000,18.668,17.055,13.254,13.254,18.745,17.307,14.599,18.974,16.010,15.646,15.646
29.413,27.264,28.530,27.998,29.578,35.059,33.826,37.052,35.887,50.628,56.442,56.814,58.724,56.517,55.585,59.157,58.118,57.161,56.291,60.827,27.390,18.894,20.667,22.275,20.217,30.821,32.653,35.230,36.770,35.086,36.518,38.353,36.742,38.187,43.606,10.764,8.513,6.372,11.034,8.852,6.818,27.025,20.769,34.360,15.308,14.196,12.913,2.758,1.275,14.081,2.090,0.000,1.800,16.146,15.328,12.937,1.501,1.500,16.204,14.284,3.182,2.400,3.000,11.747,9.961,11.657,12.862,12.125,11.254,13.354,11.812,10.838,12.181,20.193,18.444,13.603,13.231,20.141,18.542,15.082,20.231,16.603,15.942,15.626
29.050,26.871,28.155,27.616,29.217,34.755,33.510,36.764,35.590,50.418,56.253,56.626,58.543,56.329,55.394,58.977,57.935,56.975,56.102,60.652,27.232,18.664,20.457,22.080,20.002,30.681,32.520,35.108,36.652,34.962,36.399,38.240,36.624,38.074,43.507,10.355,7.990,5.654,10.635,8.350,6.152,27.098,20.864,34.417,15.308,14.081,12.913,2.090,1.275,14.221,2.886,1.800,0.000,16.045,15.457,13.089,2.493,1.500,16.204,14.422,3.753,3.000,2.400,11.915,10.157,11.826,12.862,11.991,11.254,13.501,11.979,11.019,12.342,20.291,18.551,13.748,13.380,20.239,18.649,15.213,20.329,16.722,16.066,15.752
15.011,13.428,14.691,14.877,16.462,28.135,27.990,30.488,30.354,42.974,49.095,49.940,51.641,50.717,50.443,52.530,52.100,51.777,51.564,53.967,11.570,6.566,8.418,9.929,9.377,17.620,20.457,24.152,25.448,24.466,25.905,27.582,26.679,28.107,34.870,6.012,8.340,10.700,6.082,8.390,10.739,11.404,8.556,18.985,1.813,2.376,3.536,13.990,15.211,3.021,14.114,16.146,16.045,0.000,2.126,3.706,15.252,16.025,1.500,3.021,14.114,16.146,16.045,9.228,11.098,10.889,10.230,11.018,11.944,10.942,12.559,18.021,17.732,12.187,12.559,17.601,19.407,13.488,14.032,17.634,14.869,17.829,19.317,20.976
16.282,14.718,15.925,16.043,17.573,28.641,28.437,30.955,30.767,43.434,49.518,50.337,52.044,51.057,50.750,52.907,52.447,52.093,51.849,54.353,12.637,7.423,9.196,10.678,9.996,18.338,21.078,24.681,25.989,24.963,26.398,28.082,27.136,28.562,35.239,6.195,8.266,10.478,6.262,8.317,10.518,11.906,8.578,19.534,1.780,2.720,2.988,13.424,14.510,1.697,13.254,15.328,15.457,2.126,0.000,2.400,14.400,15.320,1.780,1.697,13.254,15.328,15.457,8.485,10.323,10.182,9.792,10.701,11.421,10.323,11.879,17.307,17.055,12.000,12.238,16.971,18.745,13.254,13.682,17.055,14.599,17.307,18.745,20.365
18.030,16.282,17.522,17.465,19.032,29.042,28.641,31.326,30.955,44.119,50.187,50.929,52.680,51.473,51.057,53.471,52.907,52.447,52.093,54.963,14.828,8.319,10.220,11.818,10.678,19.912,22.461,25.871,27.246,26.063,27.515,29.249,28.150,29.597,36.083,4.466,6.195,8.266,4.559,6.262,8.317,14.199,9.780,21.747,2.988,2.720,1.780,11.072,12.131,1.697,10.866,12.937,13.089,3.706,2.400,0.000,12.000,12.927,3.519,1.697,10.866,12.937,13.089,6.997,8.485,8.653,8.535,9.258,9.792,9.139,10.323,15.367,15.274,12.238,12.000,15.367,16.971,13.254,13.254,15.646,14.400,16.100,17.307,18.745
28.247,26.082,27.331,26.761,28.322,33.644,32.422,35.635,34.483,49.187,54.999,55.377,57.283,55.099,54.181,57.723,56.695,55.752,54.897,59.389,26.337,17.680,19.406,20.991,18.905,29.500,31.277,33.810,35.351,33.655,35.083,36.917,35.296,36.739,42.139,10.029,7.837,5.811,10.071,7.890,5.883,25.956,19.464,33.203,14.510,13.424,12.131,2.720,1.780,13.254,1.697,1.501,2.493,15.252,14.400,12.000,0.000,1.409,15.207,13.254,1.697,1.501,2.493,10.323,8.485,10.182,11.421,10.701,9.792,11.879,10.323,9.600,10.866,18.745,16.971,12.238,12.000,18.668,17.055,13.682,18.745,15.179,14.599,14.400
28.805,26.606,27.863,27.266,28.836,33.915,32.638,35.890,34.687,49.509,55.310,55.663,57.582,55.330,54.377,57.998,56.938,55.961,55.071,59.677,27.078,18.310,20.035,21.623,19.496,30.163,31.904,34.390,35.941,34.216,35.643,37.482,35.832,37.274,42.606,10.552,8.243,6.006,10.592,8.294,6.076,26.849,20.302,34.076,15.344,14.178,12.956,2.664,1.654,14.174,2.641,1.500,1.500,16.025,15.320,12.927,1.409,0.000,16.045,14.174,2.641,1.500,1.500,11.105,9.195,10.878,12.033,11.170,10.296,12.565,10.913,9.703,11.053,19.460,17.638,12.489,12.082,19.331,17.660,13.983,19.351,15.519,14.810,14.469
14.629,13.000,14.226,14.317,15.868,27.143,26.992,29.477,29.339,41.938,48.041,48.875,50.577,49.634,49.353,51.456,51.017,50.687,50.470,52.896,11.332,5.737,7.527,9.025,8.414,16.789,19.535,23.159,24.471,23.448,24.888,26.575,25.636,27.066,33.783,6.568,8.749,11.022,6.240,8.506,10.829,10.931,7.277,18.437,2.698,3.355,4.061,14.189,15.342,3.264,14.168,16.204,16.204,1.500,1.780,3.519,15.207,16.045,0.000,2.213,13.963,16.025,16.025,8.331,10.365,9.997,9.321,10.260,11.176,9.910,11.672,17.332,16.945,10.880,11.295,16.723,18.614,12.202,12.801,16.671,13.608,16.791,18.364,20.101
16.508,14.774,15.988,15.925,17.465,27.672,27.357,29.966,29.674,42.629,48.701,49.470,51.205,50.082,49.711,52.022,51.498,51.081,50.775,53.496,13.393,6.856,8.681,10.236,9.214,18.244,20.799,24.234,25.596,24.444,25.891,27.615,26.550,27.992,34.529,5.586,7.442,9.545,5.196,7.155,9.322,12.746,8.107,20.202,3.068,3.280,3.068,12.440,13.499,2.400,12.238,14.284,14.422,3.021,1.697,1.697,13.254,14.174,2.213,0.000,12.000,14.081,14.221,6.788,8.653,8.485,8.123,9.041,9.736,8.653,10.182,15.646,15.367,10.866,10.866,15.274,17.055,12.000,12.238,15.367,13.254,15.646,17.055,18.668
26.768,24.590,25.821,25.218,26.761,32.023,30.830,34.024,32.903,47.553,53.377,53.771,55.671,53.533,52.642,56.127,55.122,54.204,53.379,57.786,24.986,16.173,17.853,19.415,17.305,27.889,29.623,32.129,33.671,31.970,33.396,35.230,33.608,35.050,40.462,9.113,7.045,5.267,8.879,6.740,4.852,24.612,17.892,31.762,13.499,12.440,11.163,3.280,3.068,12.238,2.400,3.182,3.753,14.114,13.254,10.866,1.697,2.641,13.963,12.000,0.000,2.090,2.886,8.653,6.788,8.485,9.736,9.041,8.123,10.182,8.653,8.485,9.600,17.055,15.274,10.866,10.866,16.971,15.367,12.238,17.055,13.682,13.254,13.254
28.636,26.423,27.650,26.995,28.530,33.121,31.812,35.059,33.826,48.629,54.391,54.724,56.644,54.353,53.383,57.042,55.963,54.969,54.063,58.724,27.007,18.074,19.719,21.261,19.094,29.713,31.346,33.724,35.279,33.520,34.934,36.770,35.086,36.518,41.740,10.952,8.750,6.685,10.759,8.506,6.363,26.682,19.838,33.798,15.526,14.431,13.171,3.785,2.889,14.284,3.182,2.400,3.000,16.146,15.328,12.937,1.501,1.500,16.025,14.081,2.090,0.000,1.800,10.450,8.391,10.066,11.343,10.500,9.480,11.747,9.961,8.448,9.825,18.713,16.810,11.289,10.838,18.501,16.747,12.811,18.444,14.372,13.603,13.231
28.263,26.018,27.263,26.599,28.155,32.799,31.477,34.755,33.510,48.410,54.195,54.530,56.456,54.158,53.184,56.855,55.773,54.776,53.866,58.543,26.846,17.834,19.498,21.057,18.866,29.567,31.208,33.596,35.156,33.391,34.810,36.652,34.962,36.399,41.636,10.550,8.241,6.004,10.349,7.982,5.643,26.756,19.937,33.856,15.526,14.318,13.171,3.330,2.889,14.422,3.753,3.000,2.400,16.045,15.457,13.089,2.493,1.500,16.025,14.221,2.886,1.800,0.000,10.638,8.624,10.261,11.343,10.345,9.480,11.915,10.157,8.680,10.024,18.818,16.927,11.463,11.019,18.608,16.865,12.964,18.551,14.509,13.748,13.380
18.970,16.810,17.923,17.210,18.644,24.603,23.767,26.729,25.962,39.974,45.914,46.463,48.301,46.598,45.950,48.910,48.114,47.426,46.850,50.496,17.767,8.500,9.803,11.194,9.077,19.406,21.056,23.612,25.134,23.505,24.940,26.761,25.236,26.686,32.430,7.752,7.826,8.598,5.978,6.073,7.040,17.405,9.585,23.912,9.590,9.044,8.302,10.517,11.249,8.653,10.182,11.747,11.915,9.228,8.485,6.997,10.323,11.105,8.331,6.788,8.653,10.450,10.638,0.000,2.400,1.697,1.991,2.863,3.119,2.400,3.394,9.139,8.653,8.485,6.997,8.485,10.323,8.653,7.589,8.653,9.139,9.139,10.323,11.879
21.182,18.970,20.086,19.304,20.732,25.637,24.603,27.683,26.729,41.070,46.943,47.409,49.279,47.359,46.598,49.810,48.910,48.114,47.426,51.433,20.116,10.732,12.032,13.407,11.194,21.578,23.072,25.427,26.971,25.247,26.664,28.493,26.866,28.304,33.774,8.394,7.752,7.826,6.790,5.978,6.073,19.788,11.948,26.305,11.249,10.517,9.590,9.044,9.590,10.182,8.653,9.961,10.157,11.098,10.323,8.485,8.485,9.195,10.365,8.653,6.788,8.391,8.624,2.400,0.000,1.697,3.119,2.863,1.991,3.394,2.400,6.997,6.788,10.323,8.485,6.997,8.485,10.182,8.653,7.589,10.323,8.485,9.139,10.323
19.902,17.693,18.762,17.923,19.304,24.075,23.096,26.133,25.234,39.465,45.350,45.837,47.699,45.843,45.120,48.251,47.382,46.622,45.974,49.863,19.083,9.642,10.755,12.035,9.807,20.049,21.458,23.759,25.304,23.572,24.986,26.812,25.184,26.621,32.108,9.040,8.781,9.166,7.233,6.907,7.391,18.773,10.621,25.042,11.270,10.675,9.910,10.675,11.270,10.323,10.323,11.657,11.826,10.889,10.182,8.653,10.182,10.878,9.997,8.485,8.485,10.066,10.261,1.697,1.697,0.000,1.692,2.052,1.692,1.697,1.697,7.589,6.997,8.653,6.788,6.788,8.653,8.485,6.997,6.997,8.653,7.589,8.653,10.182
18.361,16.120,17.191,16.325,17.718,22.855,21.953,24.971,24.148,38.329,44.265,44.789,46.643,44.877,44.203,47.230,46.405,45.691,45.093,48.831,17.817,8.215,9.262,10.533,8.249,18.611,20.042,22.403,23.950,22.234,23.662,25.496,23.891,25.339,30.947,8.894,8.958,9.640,6.912,6.994,7.848,17.722,9.467,23.858,10.867,10.292,9.749,11.607,12.355,10.137,11.470,12.862,12.862,10.230,9.792,8.535,11.421,12.033,9.321,8.123,9.736,11.343,11.343,1.991,3.119,1.692,0.000,1.500,2.400,1.326,2.742,8.691,7.932,7.486,5.745,7.486,9.519,7.412,6.137,7.412,7.720,7.720,9.091,10.826
19.243,16.948,18.038,17.131,18.542,23.175,22.157,25.264,24.333,38.759,44.676,45.158,47.032,45.149,44.415,47.580,46.699,45.927,45.269,49.203,18.895,9.165,10.255,11.542,9.195,19.645,21.006,23.268,24.830,23.062,24.483,26.324,24.663,26.108,31.579,8.907,8.645,9.035,6.928,6.588,7.093,18.967,10.789,25.112,11.607,10.867,10.292,10.867,11.607,10.886,10.886,12.125,11.991,11.018,10.701,9.258,10.701,11.170,10.260,9.041,9.041,10.500,10.345,2.863,2.863,2.052,1.500,0.000,1.500,2.447,2.447,7.720,7.061,8.642,6.773,6.773,8.642,8.408,6.903,6.903,8.513,7.429,8.513,10.063
20.638,18.361,19.436,18.519,19.904,23.965,22.855,25.990,24.971,39.470,45.331,45.770,47.655,45.666,44.877,48.161,47.230,46.405,45.691,49.799,20.161,10.507,11.596,12.860,10.533,20.866,22.151,24.308,25.872,24.068,25.473,27.308,25.606,27.038,32.353,9.459,8.894,8.958,7.625,6.912,6.994,20.068,11.853,26.255,12.355,11.607,10.867,10.292,10.867,11.470,10.137,11.254,11.254,11.944,11.421,9.792,9.792,10.296,11.176,9.736,8.123,9.480,9.480,3.119,1.991,1.692,2.400,1.500,0.000,2.742,1.326,6.401,5.840,9.519,7.486,5.745,7.486,9.151,7.412,6.137,9.091,6.934,7.720,9.091
18.689,16.493,17.503,16.600,17.923,22.532,21.617,24.603,23.767,37.868,43.765,44.275,46.126,44.340,43.658,46.701,45.866,45.144,44.539,48.301,18.150,8.748,9.610,10.757,8.532,18.549,19.857,22.096,23.641,21.900,23.310,25.134,23.505,24.940,30.446,9.937,9.994,10.609,8.018,8.090,8.838,17.862,9.415,23.834,11.543,11.094,10.498,12.324,12.954,10.733,12.000,13.354,13.501,10.942,10.323,9.139,11.879,12.565,9.910,8.653,10.182,11.747,11.915,2.400,3.394,1.697,1.326,2.447,2.742,0.000,2.400,8.485,7.589,6.997,5.091,6.997,9.139,6.788,5.367,6.788,6.997,6.997,8.485,10.323
